10101;26238560;13659;1921;82
10201;3010713;1954;1541;230
10301;2049676;1919;1068;1290
10302;1725719;1743;990;1673
10303;2010912;2053;979;1728
10304;3189893;2849;1120;1052
10305;1145597;1176;974;1758
10306;1102064;1164;947;1869
10307;2443372;2261;1081;1224
10308;2135580;1378;1550;224
10309;3245238;3247;999;1633
10310;1602624;1772;904;1988
10311;1155737;1271;909;1974
10312;2960190;2746;1078;1237
10313;3073636;2685;1145;945
10314;1592527;1382;1152;919
10315;3300055;2972;1110;1086
10316;2569425;2509;1024;1519
10317;1956259;1981;988;1684
10318;1984922;1407;1411;366
10319;1895395;1903;996;1646
10320;409924;472;868;2058
10321;702264;834;842;2083
10322;773734;921;840;2086
10323;923975;999;925;1933
10401;698032;801;871;2052
10402;1297309;1390;933;1909
10403;1116529;935;1194;785
10404;900398;1015;887;2025
10405;4753977;3701;1285;583
10406;810871;896;905;1986
10407;731339;815;897;2007
10408;1826979;2034;898;2004
10409;799037;968;825;2093
10410;398340;488;816;2096
10411;1303307;1465;890;2022
10412;865468;984;880;2040
10413;982501;1000;983;1718
10414;3630736;2550;1424;345
10415;1126211;1345;837;2089
10416;806743;931;867;2063
10417;1356021;1422;954;1841
10418;304047;361;842;2082
10419;415209;488;851;2079
10420;208586;248;841;2084
10421;275825;340;811;2099
10422;191241;241;794;2100
10423;49111;58;847;2081
10424;176881;208;850;2080
10425;330497;377;877;2044
10426;294014;338;870;2054
10427;387584;447;867;2062
10428;405763;421;964;1798
10501;1540547;1706;903;1991
10502;827451;952;869;2055
10503;1649239;1240;1330;484
10504;5093433;4088;1246;660
10505;1046435;1092;958;1825
10506;997150;1160;860;2071
10507;827024;947;873;2048
10508;2610302;2188;1193;790
10509;1802734;2023;891;2017
10510;642338;734;875;2047
10511;658056;726;906;1981
10512;328788;405;812;2098
10601;1017921;1183;860;2070
10602;2750713;2777;991;1671
10603;1043022;959;1088;1199
10604;1063905;1221;871;2053
10605;2172278;2033;1069;1288
10606;8430951;7167;1176;835
10607;5359610;4375;1225;708
10608;1111172;715;1554;222
10609;2831534;2900;976;1746
10610;2479066;2712;914;1964
10611;2261187;2162;1046;1397
10612;2123402;2418;878;2042
10613;1187848;1278;929;1920
10614;1060331;1186;894;2013
10615;2491948;2720;916;1956
10616;724322;768;943;1881
10617;806844;873;924;1935
10618;1190777;1282;929;1924
10619;568017;612;928;1925
10701;2273551;2343;970;1779
10702;1778277;1776;1001;1626
10703;2668620;2916;915;1962
10704;524465;599;876;2045
10705;3448190;2841;1214;747
10706;1088548;1270;857;2073
10707;4411344;3769;1170;858
10708;1811743;1872;968;1784
10709;2661314;2359;1128;1020
10710;1646771;1529;1077;1243
10711;3261972;2799;1165;874
10712;2318553;2299;1009;1587
10713;9621502;7561;1273;603
10714;1683864;1706;987;1686
10715;1028766;1126;914;1966
10716;1887296;1670;1130;1009
10717;7002380;4382;1598;189
10718;2823300;2061;1370;417
10719;1574490;1353;1164;885
10720;1145016;1228;932;1912
10721;1858311;1770;1050;1376
10722;2626007;2305;1139;968
10723;1113403;1335;834;2090
10724;1893011;2080;910;1972
10725;723881;722;1003;1616
10726;539663;561;962;1806
10727;1272983;681;1869;90
10801;3030442;3126;969;1782
10802;1349140;1405;960;1813
10803;1264150;1138;1111;1084
10804;1291236;1411;915;1963
10805;2053632;1924;1067;1295
10806;531246;637;834;2091
10807;1791825;1915;936;1903
10808;1027145;1153;891;2018
10809;2263323;1995;1134;992
10810;1155804;863;1339;464
10811;1596078;1803;885;2028
10812;1197319;1157;1035;1454
10813;1682001;1671;1007;1597
10814;1942565;1082;1795;104
10815;1255444;1427;880;2039
10816;4601612;3124;1473;285
10817;1501216;1664;902;1993
10818;789070;853;925;1932
10819;744924;829;899;2002
10820;808336;897;901;1998
10821;1280691;1294;990;1677
10822;1913925;1413;1355;442
10823;1823180;1806;1010;1582
10824;505458;572;884;2031
10825;638680;677;943;1879
10826;581788;648;898;2006
10827;312211;361;865;2065
10828;672369;800;840;2085
10901;3661806;1477;2479;34
10902;1976756;2201;898;2005
10903;1060284;1138;932;1915
10904;1388081;1254;1107;1102
10905;4042226;3515;1150;927
10906;776494;773;1005;1608
10907;1310792;1485;883;2034
10908;1263895;1437;880;2041
10909;1077313;1149;938;1900
10910;1374680;1282;1072;1266
10911;1027579;1157;888;2023
10912;1966745;1878;1047;1390
10913;557513;644;866;2064
10914;1370767;1633;839;2088
10915;837738;998;839;2087
10916;2235086;2419;924;1939
10917;10438799;7293;1431;335
10918;6432927;5566;1156;910
10919;2998194;3163;948;1867
10920;1492355;1645;907;1980
10921;1407717;1443;976;1752
10922;648725;757;857;2074
10923;1730195;1993;868;2060
10924;951937;1024;930;1919
10925;1302463;900;1447;312
10926;701781;805;872;2051
10927;963205;1129;853;2076
10928;1291568;1359;950;1859
10929;673167;782;861;2068
10930;619814;747;830;2092
10931;312785;293;1068;1294
10932;242049;284;852;2077
20101;181197632;97688;1855;94
20201;112903552;60489;1867;92
20302;1212053;1238;979;1730
20305;11182448;6895;1622;177
20306;2769324;2648;1046;1398
20307;4091729;3423;1195;781
20316;1428839;1595;896;2010
20320;1542073;1261;1223;716
20321;1461067;1366;1070;1282
20402;7310940;7670;953;1842
20403;2797401;2507;1116;1064
20405;8340544;7161;1165;877
20409;2948525;2836;1040;1428
20412;2924146;2449;1194;786
20414;2660702;2905;916;1958
20415;4244984;3419;1242;671
20416;1767264;1796;984;1707
20417;2243553;2427;924;1934
20418;4053615;3835;1057;1337
20419;2731637;1531;1784;113
20421;4374915;4501;972;1771
20424;4828666;2690;1795;105
20425;3278916;3109;1055;1348
20428;1046294;1070;978;1737
20432;2815578;2614;1077;1241
20435;2582586;2191;1179;825
20441;530346;617;860;2072
20442;3302799;3327;993;1660
20501;7871302;4613;1706;140
20502;2902328;2804;1035;1453
20503;860972;951;905;1985
20504;1315271;1335;985;1699
20505;5219864;5049;1034;1459
20506;962084;832;1156;907
20508;1195283;1281;933;1910
20509;1424179;1480;962;1805
20511;1374140;1474;932;1913
20512;1851454;1968;941;1889
20513;2140051;1860;1151;924
20515;3336120;3279;1017;1553
20518;1879652;2062;912;1969
20519;1164581;1042;1118;1058
20520;1363304;1330;1025;1510
20523;3726072;3571;1043;1410
20527;17752287;12551;1414;360
20530;2136476;2142;997;1642
20531;2083671;2116;985;1703
20534;3329981;3633;917;1954
20601;5559988;1660;3349;10
20602;1665695;1859;896;2009
20603;1412333;1308;1080;1228
20604;1817882;1639;1109;1094
20605;1376082;1390;990;1675
20607;1609516;1168;1378;405
20608;3030084;2601;1165;876
20609;1937053;1777;1090;1188
20610;1773130;1044;1698;143
20611;1876846;2016;931;1916
20613;1021533;1184;863;2066
20616;1755185;1725;1017;1552
20618;1175109;803;1463;297
20619;2203449;2040;1080;1227
20620;4470874;3343;1337;468
20622;798084;800;998;1639
20624;999930;983;1017;1554
20625;1214607;1186;1024;1518
20627;2449368;2260;1084;1210
20630;7281073;5967;1220;723
20631;1873768;1748;1072;1269
20632;2841219;1758;1616;179
20633;1658467;1296;1280;590
20634;7386427;6312;1170;859
20635;21955328;15564;1411;367
20636;1490559;1614;924;1941
20637;2007970;2039;985;1702
20638;1159749;1223;948;1866
20639;2292839;756;3033;15
20640;1314196;1204;1092;1178
20642;2074533;1773;1170;860
20643;2917987;2552;1143;950
20644;2414388;2221;1087;1202
20701;1440070;1446;996;1649
20702;7631039;6995;1091;1182
20703;1311207;1376;953;1843
20705;2633201;2329;1131;1006
20707;1466264;623;2354;39
20708;1388480;1138;1220;724
20710;2195619;2226;986;1692
20711;10630842;8641;1230;700
20712;1108457;1251;886;2027
20713;794706;831;956;1833
20719;2150335;2229;965;1792
20720;6296535;5900;1067;1297
20721;1746968;1820;960;1815
20722;4174233;4238;985;1701
20723;1567573;1641;955;1835
20724;5662734;4325;1309;523
20725;12938545;8791;1472;287
20726;3832443;2963;1293;563
20727;5784654;5517;1049;1382
20801;4318088;4019;1074;1255
20802;736539;798;923;1943
20803;6426043;5865;1096;1163
20804;2449090;2388;1026;1506
20805;5576439;2117;2634;26
20806;1586589;1782;890;2020
20807;1824738;1605;1137;982
20808;4035257;3524;1145;944
20810;1324085;1041;1272;605
20812;1632509;1542;1059;1330
20813;6265383;4413;1420;352
20815;1976112;2018;979;1729
20817;14618876;10970;1333;477
20901;5742451;4388;1309;525
20905;3612650;2686;1345;456
20909;2908171;3021;963;1802
20911;1059736;968;1095;1167
20912;1811073;1857;975;1756
20913;12748903;10089;1264;627
20914;1859056;2012;924;1938
20918;4316645;3398;1270;609
20923;36986824;25105;1473;284
21001;1179065;1031;1144;948
21002;18380305;14289;1286;577
21003;2316583;1902;1218;731
21004;1244940;1091;1141;954
21005;2213742;2325;952;1849
21006;1618927;724;2236;47
21007;2627984;1849;1421;350
21008;1760399;1523;1156;909
21009;4735978;3714;1275;599
21010;1514694;1640;924;1940
30101;45068966;24097;1870;89
30201;107154067;52739;2032;64
30301;17666465;11274;1567;210
30401;74626721;42885;1740;129
30501;2313869;2090;1107;1101
30502;42142219;23202;1816;102
30503;3533414;3419;1033;1463
30504;4867113;3670;1326;491
30506;3467046;3240;1070;1281
30507;2205521;2253;979;1731
30508;4141378;2979;1390;390
30509;2404881;2164;1111;1080
30510;1226289;1276;961;1807
30511;2734111;2536;1078;1236
30512;1811581;1698;1067;1298
30514;6206186;5498;1129;1014
30515;3608070;3578;1008;1588
30516;2141476;1705;1256;639
30517;4186746;2521;1661;155
30520;2881386;2911;990;1676
30521;2026123;2124;954;1839
30522;1900410;1820;1044;1405
30524;909872;963;945;1876
30526;526302;559;942;1885
30527;3261910;2778;1174;845
30529;3050095;2581;1182;815
30530;5543572;5049;1098;1145
30531;14425435;9225;1564;214
30532;4238627;3330;1273;601
30533;6265481;3807;1646;162
30534;2154984;1994;1081;1223
30536;1359551;1390;978;1736
30538;2308082;2174;1062;1317
30539;2385839;2212;1079;1233
30541;1849433;1575;1174;844
30542;1992295;1912;1042;1415
30543;4319068;3521;1227;707
30544;1776313;1808;982;1719
30601;2964306;2521;1176;838
30602;2191156;2164;1013;1569
30603;13912250;11452;1215;739
30604;40179453;25288;1589;194
30605;10526016;8977;1173;850
30607;12438678;10490;1186;805
30608;5068721;4175;1214;744
30609;938321;817;1148;932
30612;1987596;1734;1146;938
30613;1711964;1554;1102;1128
30614;1510739;1504;1004;1609
30615;2980513;2553;1167;866
30616;1640362;1650;994;1654
30618;8467562;7424;1141;959
30620;6736833;4899;1375;409
30621;2451584;2284;1073;1259
30623;4663483;4262;1094;1171
30625;3545622;3509;1010;1577
30626;7287502;6547;1113;1070
30627;3200581;2959;1082;1218
30629;1724934;1632;1057;1338
30631;2428172;2120;1145;942
30633;2095101;1437;1458;303
30635;1276435;1070;1193;791
30636;1678094;1413;1188;802
30637;2072539;1759;1178;827
30639;26963407;18948;1423;347
30641;4425273;3575;1238;680
30645;2366686;1706;1387;395
30646;1769065;1831;966;1788
30701;931668;901;1034;1458
30702;1860891;1534;1213;748
30703;995481;793;1255;644
30704;10673410;7732;1380;402
30706;4101303;3077;1333;476
30708;1976821;1389;1423;346
30709;2049752;2086;983;1717
30710;6629496;6204;1069;1287
30711;1927105;1931;998;1637
30712;1275699;1220;1046;1399
30713;1777279;1514;1174;847
30715;648296;590;1099;1142
30716;4437308;3949;1124;1036
30718;1409806;1214;1161;893
30719;1577801;1486;1062;1316
30721;1625350;1571;1035;1455
30722;1248909;1171;1067;1300
30724;2050126;1937;1058;1333
30726;3065649;2824;1086;1204
30728;1205146;964;1250;654
30729;4673598;3928;1190;797
30730;7688453;5267;1460;300
30731;3390623;3052;1111;1083
30732;8619915;6961;1238;679
30733;1926159;889;2167;53
30734;2356579;1682;1401;378
30735;6684334;4981;1342;463
30736;2959845;2076;1426;343
30737;1845485;1677;1100;1133
30738;1028308;679;1514;246
30739;4423998;1998;2214;49
30740;49975236;17133;2917;21
30741;1769629;1618;1094;1173
30801;358084;203;1764;121
30802;186727;181;1032;1473
30803;3319689;3356;989;1680
30804;2236426;1874;1193;787
30805;2102483;1642;1280;589
30808;9980664;8185;1219;727
30810;1129212;1114;1014;1567
30811;2304729;2255;1022;1530
30812;784231;867;905;1987
30813;1325372;1224;1083;1211
30814;2426073;1952;1243;667
30817;15178058;10818;1403;377
30819;430668;272;1583;198
30821;13887421;10256;1354;443
30822;127498;93;1371;413
30824;1446693;1281;1129;1013
30825;1416334;1166;1215;740
30826;1220672;1243;982;1721
30827;2744641;2688;1021;1536
30828;1063344;916;1161;895
30829;1070851;1079;992;1663
30830;3049596;2631;1159;897
30831;3171140;2653;1195;783
30834;505029;384;1315;509
30835;2863843;2950;971;1774
30836;1251198;831;1506;253
30838;2730886;2776;984;1709
30841;1451890;1238;1173;849
30842;1838633;1677;1096;1156
30844;3954272;2042;1936;78
30845;1205580;1275;946;1874
30846;191666;155;1237;683
30848;1584978;1381;1148;934
30849;938885;659;1425;344
30850;1257478;1300;967;1785
30852;2285408;1976;1157;906
30854;1037592;943;1100;1135
30856;10206531;9104;1121;1047
30857;1160741;1197;970;1781
30858;1762904;1617;1090;1187
30859;685196;748;916;1957
30860;1880742;1969;955;1836
30863;5904700;5417;1090;1189
30865;1188448;1011;1176;839
30902;1182555;1116;1060;1324
30903;1571067;1623;968;1783
30904;646883;713;907;1979
30906;693700;681;1019;1543
30908;8144295;5391;1511;250
30909;2136859;2273;940;1891
30910;1419925;1331;1067;1299
30912;1297003;1228;1056;1342
30913;1418002;683;2076;59
30915;493680;493;1001;1625
30916;4977687;4030;1235;687
30917;554438;568;976;1749
30920;1534158;1399;1097;1153
30921;1360684;1345;1012;1574
30925;2571289;2283;1126;1026
30929;632766;660;959;1822
30932;1088158;1120;972;1773
30935;7658807;5548;1380;401
30939;914483;992;922;1947
30940;1163411;1207;964;1797
30942;2990898;2710;1104;1117
31001;686344;706;972;1770
31008;3208207;2965;1082;1215
31009;1638428;1474;1112;1076
31014;1301393;1159;1123;1041
31015;1650918;1690;977;1742
31016;1301016;1304;998;1638
31018;1614454;1573;1026;1499
31019;1219113;1241;982;1720
31021;1375979;1281;1074;1257
31022;15915011;11593;1373;411
31025;577329;575;1004;1611
31026;2137552;1890;1131;1005
31028;1276683;1240;1030;1486
31033;1014991;1009;1006;1602
31035;1481614;1561;949;1861
31036;1637299;1611;1016;1559
31037;5058397;4226;1197;776
31038;987834;982;1006;1601
31041;827451;865;957;1831
31042;990657;919;1078;1238
31043;2242032;2159;1038;1433
31051;2586130;2363;1094;1168
31052;2478121;2463;1006;1599
31053;3535656;3361;1052;1361
31101;782402;796;983;1714
31102;945748;841;1125;1032
31103;1508625;1361;1108;1097
31104;1298715;1215;1069;1283
31105;4344234;3518;1235;688
31106;4430760;3528;1256;642
31107;1612979;1365;1182;816
31109;9275486;6448;1439;323
31110;1477148;1436;1029;1488
31111;654670;733;893;2014
31113;663315;666;996;1647
31114;905785;885;1023;1522
31117;740066;714;1037;1444
31119;520607;533;977;1744
31120;1026825;1031;996;1648
31121;1062043;816;1302;544
31123;1728634;1262;1370;418
31124;1749037;1688;1036;1447
31129;1801063;1616;1115;1066
31130;675062;744;907;1978
31201;5315165;4566;1164;882
31202;2041866;1674;1220;725
31203;3628449;3110;1167;869
31204;1646593;1577;1044;1407
31205;2143816;2137;1003;1614
31206;3858508;2101;1837;97
31207;4359294;3943;1106;1107
31208;4104479;3677;1116;1063
31213;18415822;12544;1468;292
31214;9572678;8004;1196;780
31215;1279866;1242;1030;1480
31216;7669302;4854;1580;200
31224;1436056;1400;1026;1505
31226;3950677;3766;1049;1381
31227;2673982;2138;1251;653
31228;1108006;1039;1066;1301
31229;1742218;1330;1310;521
31230;23239705;16224;1432;331
31234;1819321;1571;1158;899
31235;15055484;10583;1423;348
31301;648156;672;965;1794
31302;1001094;1046;957;1829
31303;1293929;1232;1050;1373
31304;1430189;873;1638;169
31308;3642576;3001;1214;746
31309;3092559;2983;1037;1442
31310;2375401;2149;1105;1108
31311;3882089;3688;1053;1357
31315;2116241;2023;1046;1395
31319;1244204;1182;1053;1358
31321;869360;766;1135;989
31322;9193605;7572;1214;743
31323;1367921;1424;961;1812
31324;2174978;2054;1059;1328
31326;845470;915;924;1937
31327;3864794;3552;1088;1197
31330;1497764;1368;1095;1165
31333;2525897;2545;992;1661
31336;2182610;1465;1490;269
31337;2171757;2059;1055;1347
31338;1122904;1043;1077;1244
31340;1123790;1145;981;1723
31343;2015829;1904;1059;1329
31344;1970739;1629;1210;753
31346;1767313;1624;1088;1195
31347;828893;847;979;1734
31350;1267168;1259;1006;1598
31351;1772208;1375;1289;575
31355;1897052;1857;1022;1533
31356;997085;947;1053;1355
31401;659192;542;1216;735
31402;1307642;1347;971;1775
31403;5456542;3769;1448;311
31404;1766711;1483;1191;796
31405;976716;1003;974;1761
31406;877482;835;1051;1369
31407;4107219;2895;1419;354
31408;583019;517;1128;1021
31409;915114;825;1109;1093
31410;2078836;1600;1299;550
31411;2236080;1968;1136;983
31412;3674249;3898;943;1883
31413;4461591;3471;1285;580
31414;1935534;1895;1021;1535
31502;1041650;1164;895;2012
31503;2501591;1882;1329;486
31504;1153548;1177;980;1727
31505;2709193;2605;1040;1426
31506;553649;573;966;1787
31507;2349425;2349;1000;1629
31508;1095552;1092;1003;1613
31509;1468649;1494;983;1713
31511;1657209;1679;987;1688
31513;2002905;1769;1132;1000
31514;2794410;2548;1097;1151
31515;980558;1058;927;1929
31516;994726;950;1047;1391
31517;1682938;1482;1136;987
31519;1425569;1357;1051;1371
31520;5151999;3799;1356;438
31521;3591058;3115;1153;915
31522;1795232;1680;1069;1286
31523;980306;886;1106;1105
31524;8050066;5262;1530;238
31525;1711844;1670;1025;1509
31527;2079558;1882;1105;1111
31528;1092266;1086;1006;1603
31530;2500791;2226;1123;1037
31531;1868871;1301;1436;326
31533;6012835;3933;1529;240
31534;2772789;2431;1141;958
31535;943685;1040;907;1977
31537;2650548;2314;1145;941
31539;2964689;2977;996;1650
31540;1830579;1710;1071;1276
31541;1063590;1132;940;1894
31542;995332;996;999;1634
31543;1245326;952;1308;528
31546;1165379;1105;1055;1349
31549;7370260;5672;1299;549
31550;1161963;1232;943;1880
31551;1723640;1607;1073;1263
31552;2146858;1888;1137;981
31553;1854378;1718;1079;1230
31601;692954;749;925;1931
31603;1890720;1783;1060;1319
31604;1594541;1621;984;1710
31605;1418500;1343;1056;1341
31606;1355204;1107;1224;711
31608;497352;436;1141;957
31609;761106;821;927;1928
31611;857693;853;1006;1604
31612;4085599;3786;1079;1232
31613;1248259;1116;1119;1055
31614;2624453;2254;1164;880
31615;1435865;1497;959;1820
31616;1340690;1120;1197;775
31617;1633191;1574;1038;1438
31620;816521;832;981;1724
31621;947069;971;975;1754
31622;1156093;1136;1018;1549
31627;1332412;1399;952;1845
31628;1510469;1545;978;1738
31629;8321080;6226;1337;471
31630;2309575;2238;1032;1468
31633;15233135;11145;1367;423
31634;1355095;1442;940;1893
31636;907804;856;1061;1318
31642;1172969;1147;1023;1528
31644;6998615;5502;1272;604
31645;985946;1111;887;2024
31646;827765;808;1024;1514
31649;1889658;1970;959;1819
31650;1672164;1630;1026;1503
31651;2467499;2609;946;1872
31652;494824;552;896;2008
31653;1760246;1564;1125;1028
31654;2289036;2089;1096;1160
31655;10033850;6976;1438;324
31658;540105;587;920;1949
31701;1927315;1351;1427;342
31702;7329181;2899;2528;33
31703;6103081;5845;1044;1406
31704;21236994;11581;1834;99
31706;1591411;1592;1000;1632
31707;2732224;2292;1192;794
31709;7032844;3792;1855;95
31710;14691875;9221;1593;191
31711;1656338;1419;1167;868
31712;4292243;4001;1073;1262
31713;3191857;3329;959;1821
31714;1112216;1146;971;1778
31715;7339866;2858;2568;32
31716;11763292;8738;1346;453
31717;31632218;20601;1535;232
31718;3313846;2864;1157;902
31719;20485155;14880;1377;407
31723;14892603;6698;2223;48
31725;23392023;9046;2586;30
31726;3018795;2588;1166;870
31801;297433;330;901;1996
31802;2243106;1786;1256;641
31803;2004668;1912;1048;1383
31804;1837731;1445;1272;606
31805;361565;326;1109;1095
31806;312221;352;887;2026
31807;914664;923;991;1670
31808;2012986;1929;1044;1409
31809;987587;1038;951;1855
31810;7491980;5960;1257;637
31811;2166874;2259;959;1818
31812;1482554;1378;1076;1248
31813;1630355;1658;983;1711
31814;3072988;2426;1267;620
31815;686436;613;1120;1050
31817;2146854;1715;1252;651
31818;16682824;12397;1346;454
31820;590954;601;983;1712
31821;2317347;2064;1123;1042
31823;2997384;2572;1165;875
31825;460366;455;1012;1572
31826;2967669;2661;1115;1065
31827;319982;294;1088;1193
31829;3697218;2623;1410;368
31830;366917;378;971;1776
31831;2012095;1894;1062;1315
31832;1925532;1889;1019;1539
31833;776046;684;1135;991
31834;388935;361;1077;1240
31835;1834569;1853;990;1674
31836;762667;669;1140;964
31837;1375573;1379;998;1641
31838;868047;581;1494;264
31839;18099803;14845;1219;728
31840;2019838;1239;1630;171
31841;610663;547;1116;1062
31842;167025;171;977;1743
31843;1636438;1504;1088;1198
31844;1524448;1588;960;1814
31845;939537;933;1007;1593
31846;2883368;1635;1764;122
31847;1471205;1545;952;1847
31848;1436883;1387;1036;1448
31849;857386;914;938;1899
31901;3306164;2763;1197;779
31902;2416777;2215;1091;1180
31903;6932760;4906;1413;363
31904;1188002;1196;993;1656
31905;4636128;4474;1036;1445
31906;1959235;2035;963;1800
31907;1312378;917;1431;336
31909;2625084;2604;1008;1590
31910;1586034;1571;1010;1581
31911;1198496;1123;1067;1296
31912;10148243;7708;1317;508
31913;2098180;1511;1389;392
31915;1391971;1385;1005;1607
31916;2357613;2109;1118;1056
31917;1338451;1374;974;1759
31918;3235942;3137;1032;1475
31919;2168913;2092;1037;1441
31920;591646;606;976;1747
31921;3097219;2898;1069;1284
31922;2152383;2030;1060;1320
31923;892826;900;992;1667
31925;1705091;1489;1145;943
31926;9408801;7951;1183;810
31927;1698730;1488;1142;953
31928;2405971;1712;1405;372
31929;5557956;4576;1215;741
31930;2538394;2297;1105;1110
31932;1981727;1612;1229;702
31934;3503145;3480;1007;1596
31935;2563258;2449;1047;1392
31938;1006531;1031;976;1748
31939;329401;369;893;2015
31940;1581607;1393;1135;988
31941;805442;814;989;1678
31943;6538979;5946;1100;1139
31945;2631680;1311;2007;67
31946;1361678;1321;1031;1479
31947;6967511;6544;1065;1303
31948;2539862;2471;1028;1495
31949;5169871;4805;1076;1246
31950;3892658;3746;1039;1430
31951;9067598;7165;1266;622
31952;11044901;9401;1175;842
31953;2812138;2725;1032;1469
31954;1754876;1691;1038;1436
32001;4018572;3165;1270;611
32002;2531294;2077;1219;729
32003;2976381;1997;1490;268
32004;1819707;1541;1181;819
32005;2129484;1794;1187;804
32006;2965281;2966;1000;1631
32007;420226;325;1293;564
32008;6863271;5356;1281;588
32009;2093858;1926;1087;1201
32010;1000589;1003;998;1640
32011;1104278;1227;900;1999
32012;1310208;1330;985;1700
32013;5425701;4232;1282;586
32014;2505586;2269;1104;1113
32015;1247290;1298;961;1810
32016;8260465;3839;2152;56
32017;3697209;3255;1136;985
32018;1557990;1496;1041;1417
32101;2313509;1885;1227;706
32104;3227420;2759;1170;861
32106;2445314;2174;1125;1031
32107;3586605;3106;1155;912
32109;938907;934;1005;1606
32110;3330059;3083;1080;1226
32112;2470121;2196;1125;1030
32114;3901261;3553;1098;1144
32115;1480293;1333;1110;1085
32116;2558774;2177;1175;840
32119;2879069;2337;1232;695
32120;3791948;2740;1384;397
32131;8451373;7258;1164;879
32132;2276900;2021;1127;1024
32134;3092146;2883;1073;1264
32135;24534146;15763;1556;220
32139;1428150;1288;1109;1096
32140;2268282;2227;1019;1545
32141;6492099;3997;1624;175
32142;7974130;7771;1026;1502
32143;1505628;1410;1068;1291
32144;40368199;26374;1531;235
32202;1007119;1079;933;1908
32203;1731967;1660;1043;1411
32206;1334710;1241;1076;1249
32207;3434186;2787;1232;694
32209;2005558;1485;1351;446
32210;1121374;1175;954;1838
32212;867250;962;902;1995
32214;1050273;922;1139;969
32216;2982194;2708;1101;1130
32217;1297632;1391;933;1911
32219;3191524;2645;1207;761
32220;7926381;5583;1420;353
32221;1130684;1217;929;1922
32222;535152;534;1002;1619
32223;1005548;976;1030;1482
32301;4067638;3152;1290;570
32302;1670399;725;2304;41
32304;3813767;3002;1270;608
32305;4726671;4635;1020;1538
32306;3586572;2928;1225;709
32307;4118185;4302;957;1826
32308;1336260;1286;1039;1431
32309;1499113;1630;920;1951
32310;1012781;1017;996;1651
32311;1476575;1431;1032;1471
32312;936147;1038;902;1994
32313;3375877;3241;1042;1416
32314;3234308;2879;1123;1038
32315;2686379;2307;1164;878
32316;4108473;3862;1064;1307
32317;1015018;1041;975;1757
32318;3192773;2777;1150;928
32319;3257886;2990;1090;1190
32320;1968854;1983;993;1658
32321;681498;707;964;1796
32322;518266;514;1008;1589
32323;2966129;2486;1193;789
32324;525650;477;1102;1127
32325;1264480;1232;1026;1498
32326;866310;979;885;2029
32327;6581462;4810;1368;419
32330;3546841;3112;1140;965
32331;2078275;1548;1343;462
32332;3579788;2019;1773;119
32333;1043816;1103;946;1871
32334;2730780;1063;2569;31
32335;1449221;1514;957;1827
32336;1976973;1889;1047;1393
32337;5631031;4212;1337;470
32338;1837793;2017;911;1970
32501;1832734;1944;943;1882
32502;1567480;1684;931;1917
32503;354609;352;1007;1592
32504;1555630;1212;1284;585
32505;1938651;1816;1068;1293
32506;979350;889;1102;1129
32508;5095195;4508;1130;1007
32509;1582205;1378;1148;933
32511;513448;543;946;1873
32514;591014;648;912;1967
32515;1781426;1494;1192;792
32516;1819280;1794;1014;1561
32517;1261520;1147;1100;1138
32518;1492707;1003;1488;271
32519;830441;851;976;1750
32520;983849;939;1048;1385
32521;1890897;1728;1094;1170
32522;1399034;1327;1054;1350
32523;1071384;827;1296;558
32524;1585703;1539;1030;1481
32525;2004749;1970;1018;1550
32528;1224628;1052;1164;881
32529;1441052;1274;1131;1004
32530;16389510;11047;1484;276
40101;441635673;197174;2240;46
40201;75590383;38288;1974;73
40301;125979019;59850;2105;58
40401;5757997;4756;1211;752
40402;3050419;2479;1231;697
40403;571718;552;1036;1451
40404;28000431;16368;1711;139
40405;2708746;2574;1052;1359
40406;5443490;2295;2372;38
40407;2125410;1910;1113;1072
40408;1174013;944;1244;664
40409;1661857;1125;1477;281
40410;1432447;1297;1104;1112
40411;555819;586;948;1864
40412;1343571;1319;1019;1544
40413;3885934;3413;1139;974
40414;3294920;3135;1051;1367
40415;1667996;1412;1181;817
40416;822021;699;1176;837
40417;1218689;1145;1064;1304
40418;6150854;4490;1370;416
40419;2859459;2604;1098;1143
40420;1426108;1396;1022;1534
40421;10446492;5963;1752;126
40422;2820699;2356;1197;774
40423;1197001;1175;1019;1541
40424;940427;944;996;1644
40425;1965869;1609;1222;719
40426;4354214;2902;1500;260
40427;2817508;2136;1319;504
40428;3428174;3258;1052;1360
40429;1045092;913;1145;946
40430;972756;960;1013;1568
40431;1740685;991;1756;125
40432;1660046;1672;993;1659
40433;1054211;962;1096;1159
40434;940392;944;996;1645
40435;549419;390;1409;369
40436;2145406;2042;1051;1370
40437;3267827;3045;1073;1260
40438;2684120;2447;1097;1150
40439;579428;587;987;1685
40440;408654;426;959;1817
40441;4718724;3800;1242;669
40442;944085;895;1055;1346
40443;2564664;2018;1271;607
40444;725741;723;1004;1612
40445;646350;679;952;1852
40446;1971869;1367;1442;317
40501;6018371;5619;1071;1274
40502;2875428;2194;1311;520
40503;5897655;3954;1492;265
40504;3041749;2328;1307;534
40505;1391132;1302;1068;1289
40506;4284272;4045;1059;1325
40507;2471815;1986;1245;662
40508;3324915;2800;1187;803
40509;2385350;1881;1268;613
40510;2369849;2274;1042;1413
40511;2331197;2249;1037;1443
40512;1595884;1552;1028;1491
40601;9767068;7503;1302;542
40602;1867052;1883;992;1668
40603;2778834;2712;1025;1513
40604;3870214;2670;1450;309
40605;1172511;1151;1019;1542
40606;588248;627;938;1897
40607;2521480;2071;1218;733
40608;3322255;3148;1055;1343
40609;2826343;2749;1028;1493
40610;975832;1025;952;1851
40611;1790847;1642;1091;1184
40612;3237871;3112;1040;1424
40613;960721;998;963;1803
40614;6088019;5170;1178;829
40615;2966112;2898;1024;1521
40616;1329481;1392;955;1837
40617;1322112;1393;949;1862
40618;3248075;2820;1152;921
40619;2037285;1922;1060;1323
40620;3414837;3053;1119;1054
40621;2500906;2278;1098;1146
40622;2290680;2034;1126;1027
40623;1333634;1371;973;1766
40624;4402809;4159;1059;1332
40625;1018789;1041;979;1733
40626;1591771;1614;986;1695
40627;3445837;2816;1224;712
40701;12455416;9694;1285;581
40702;9737908;7479;1302;541
40703;20027179;13799;1451;307
40704;8951490;7693;1164;886
40705;22066680;13135;1680;146
40706;2676186;1736;1542;228
40707;2522320;2093;1205;765
40708;3206065;2691;1191;795
40709;1300785;779;1670;149
40710;2636610;1997;1320;500
40711;14859149;9660;1538;231
40712;1354339;738;1835;98
40713;6510561;5061;1286;576
40714;4459603;3785;1178;828
40715;3112301;1985;1568;208
40716;1170848;1102;1062;1313
40717;3809797;2801;1360;433
40718;2055521;1610;1277;596
40719;6320646;4738;1334;473
40720;10544027;7288;1447;313
40801;967909;861;1124;1033
40802;5168408;3812;1356;439
40803;2695750;2297;1174;848
40804;985819;1049;940;1892
40805;2887239;2752;1049;1379
40806;4177122;3545;1178;826
40807;1429743;1427;1002;1622
40808;9328252;4824;1934;79
40809;3139740;2183;1438;325
40810;646634;665;972;1767
40811;2140866;1619;1322;498
40812;2801016;2476;1131;1001
40813;1467661;1361;1078;1235
40814;1517423;1445;1050;1374
40815;1283672;1270;1011;1576
40816;2539206;2356;1078;1239
40817;1861028;1628;1143;951
40818;2115371;1422;1488;273
40819;2827158;2161;1308;527
40820;580214;538;1078;1234
40821;912278;958;952;1846
40822;1959007;1717;1141;956
40823;1232996;1072;1150;925
40824;2235308;2116;1056;1340
40825;1516707;1260;1204;766
40826;546503;547;999;1635
40827;3488478;3035;1149;931
40828;1297112;1045;1241;674
40829;2255502;1950;1157;905
40830;939586;911;1031;1478
40831;4374790;3643;1201;771
40832;4321080;2959;1460;299
40833;2199111;1667;1319;503
40834;833543;824;1012;1575
40901;858842;645;1332;479
40902;3954042;3768;1049;1377
40903;1415126;903;1567;209
40904;1961688;1894;1036;1450
40905;6968203;4184;1665;151
40906;1364009;1076;1268;614
40907;9603322;6453;1488;272
40908;7089787;5813;1220;726
40909;4730539;3566;1327;490
40910;3479125;2230;1560;216
40911;460415;486;947;1868
40912;6189326;5121;1209;755
40913;3530060;2654;1330;483
40914;790173;678;1165;873
40915;2077090;1894;1097;1152
40916;453524;340;1334;474
40917;3315806;2828;1172;851
40918;3559124;2204;1615;181
40919;764962;819;934;1906
40920;1939284;2036;952;1844
40921;954438;799;1195;784
40922;3882212;2952;1315;510
40923;2893455;2395;1208;758
41001;2190651;1135;1930;80
41002;23440581;15842;1480;279
41003;8449501;6335;1334;475
41004;883534;861;1026;1501
41005;18887621;11620;1625;174
41006;1474698;1324;1114;1067
41007;11421057;5873;1945;76
41008;1843756;1799;1025;1512
41009;2964758;2662;1114;1068
41010;2438937;2279;1070;1279
41011;3389569;3204;1058;1336
41012;44852306;26806;1673;148
41013;9998655;6019;1661;154
41014;7209746;5907;1221;722
41015;2214982;1972;1123;1039
41016;2545300;1994;1276;597
41017;13767057;6952;1980;72
41018;1817256;1888;963;1804
41019;4263299;3834;1112;1075
41020;5035632;4654;1082;1216
41021;39301441;23902;1644;164
41022;6184180;5861;1055;1344
41101;1200915;1209;993;1657
41102;1532244;1380;1110;1087
41103;2266895;1699;1334;472
41104;983295;1025;959;1816
41105;3370766;2976;1133;999
41106;3001944;2919;1028;1490
41107;913243;896;1019;1540
41108;2389568;2333;1024;1517
41109;2747181;2476;1110;1091
41110;4396084;3989;1102;1125
41111;6005691;4887;1229;703
41112;1807867;1717;1053;1354
41113;2357424;1740;1355;441
41114;4215149;3597;1172;856
41115;1849787;1710;1082;1217
41116;13086412;8132;1609;183
41117;937824;939;999;1636
41118;3885663;4084;951;1854
41119;1997219;2053;973;1765
41120;3859115;3772;1023;1525
41121;803562;847;949;1863
41122;910947;920;990;1672
41123;1817799;1761;1032;1466
41124;9112709;5169;1763;123
41125;2830578;2901;976;1751
41126;1397646;1441;970;1780
41201;807477;744;1085;1205
41202;1221358;1071;1140;962
41203;4232854;2872;1474;283
41204;3792827;3348;1133;998
41205;759400;749;1014;1562
41206;500390;526;951;1856
41207;2154185;1408;1530;237
41208;2464743;1139;2164;54
41209;3134525;2106;1488;270
41210;646666;612;1057;1339
41211;872560;722;1209;756
41212;1415201;1277;1108;1098
41213;2587853;2198;1177;831
41214;2706938;2296;1179;823
41215;2492309;2378;1048;1384
41216;350257;324;1081;1221
41217;681100;662;1029;1487
41218;2386425;2309;1034;1462
41219;1595570;1519;1050;1372
41220;1688503;1230;1373;412
41221;879076;871;1009;1585
41222;649991;653;995;1653
41223;1163226;995;1169;862
41224;3674721;1521;2416;35
41225;22095254;11408;1937;77
41226;567532;554;1024;1515
41227;884178;838;1055;1345
41228;3526863;1903;1853;96
41229;1145714;1172;978;1739
41230;835373;759;1101;1132
41231;2556649;2416;1058;1335
41232;2535494;1547;1639;168
41233;1685621;1546;1090;1185
41234;2297923;2215;1037;1439
41235;623861;618;1009;1583
41236;526236;554;950;1860
41301;422005;397;1063;1310
41302;516198;483;1069;1285
41304;2597376;2139;1214;742
41305;1244100;1135;1096;1157
41306;421999;445;948;1865
41307;553539;556;996;1652
41309;2858603;2503;1142;952
41310;1097602;964;1139;972
41311;425325;415;1025;1511
41312;1821584;1468;1241;675
41313;1504934;1543;975;1755
41314;1212436;1051;1154;914
41315;1404282;1344;1045;1404
41316;1554156;1514;1027;1497
41317;1572230;1479;1063;1309
41318;1779035;1532;1161;894
41319;470324;508;926;1930
41320;705420;630;1120;1051
41321;1855881;1297;1431;338
41322;972461;983;989;1679
41323;2007353;1760;1141;960
41324;764837;756;1012;1573
41325;1865918;1500;1244;663
41326;1681458;1551;1084;1209
41327;1501520;1484;1012;1571
41328;1693625;1543;1098;1148
41329;1550762;1434;1081;1219
41331;1032404;1020;1012;1570
41332;4405211;3638;1211;751
41333;522398;511;1022;1529
41334;1964962;1770;1110;1088
41335;841843;783;1075;1251
41336;588615;643;915;1960
41337;1217597;1180;1032;1470
41338;3255923;2261;1440;320
41340;626549;539;1162;890
41341;639626;629;1017;1557
41342;3357312;2859;1174;843
41343;3863261;3126;1236;684
41344;7116934;5072;1403;376
41401;640281;669;957;1828
41402;6269595;5120;1225;710
41403;2208851;2009;1099;1140
41404;1468011;1544;951;1858
41405;1290759;1049;1230;698
41406;1298282;1285;1010;1578
41407;1132023;971;1166;872
41408;2003735;1784;1123;1040
41409;2798906;2866;977;1745
41410;2309917;1445;1599;188
41411;2572126;1942;1324;493
41412;263104;298;883;2033
41413;2652199;2538;1045;1402
41414;2574496;2267;1136;986
41415;1476592;1497;986;1691
41416;2531003;2020;1253;648
41417;1660663;1579;1052;1364
41418;4869505;3064;1589;193
41419;2653318;1829;1451;308
41420;1701821;1729;984;1705
41421;1313833;1119;1174;846
41422;7573791;4900;1546;226
41423;2468776;2379;1038;1437
41424;1092041;793;1377;406
41425;1789154;1418;1262;630
41426;3763974;2894;1301;546
41427;653557;665;983;1716
41428;1222476;1183;1033;1464
41429;1673323;1521;1100;1136
41430;2236460;2038;1097;1149
41501;2181228;1741;1253;649
41502;2260998;2187;1034;1460
41503;6727168;4838;1390;389
41504;4381967;3051;1436;327
41505;2110726;1898;1112;1074
41506;6704653;6643;1009;1584
41507;3195184;2673;1195;782
41508;1242598;1252;992;1662
41509;2165183;1594;1358;435
41510;1528027;1590;961;1808
41511;2485600;2157;1152;918
41512;1868046;1737;1075;1250
41513;1523165;1231;1237;682
41514;3282798;3022;1086;1203
41515;1360344;1217;1118;1057
41516;10147755;9232;1099;1141
41517;3971361;3342;1188;799
41518;2929349;2259;1297;555
41521;4123860;3056;1349;448
41522;4392029;4150;1058;1334
41601;4176192;3925;1064;1306
41602;4662484;4459;1046;1400
41603;5325814;4109;1296;556
41604;2004400;2037;984;1708
41605;9264973;8623;1074;1254
41606;5654248;5277;1071;1272
41607;7323977;6203;1181;820
41608;972016;922;1054;1351
41609;5142764;4975;1034;1461
41610;849454;873;973;1763
41611;2489420;2175;1145;947
41612;2579620;2448;1054;1352
41613;2396090;2031;1180;822
41614;2791043;2660;1049;1378
41615;3366531;3143;1071;1273
41616;508100;534;951;1853
41617;5135434;4506;1140;966
41618;4584045;4408;1040;1427
41619;1357064;1301;1043;1412
41620;1770301;1521;1164;883
41621;1244860;1274;977;1741
41622;1815331;1565;1160;896
41623;994589;914;1088;1196
41624;6169680;4902;1259;634
41625;2132442;2058;1036;1446
41626;4491201;4007;1121;1049
41627;1826957;1816;1006;1600
41701;3876268;3412;1136;984
41702;2272671;1603;1418;356
41703;11494178;8751;1313;514
41704;1512099;1171;1291;567
41705;1632995;1653;988;1683
41706;1104573;1002;1102;1124
41707;1833139;1800;1018;1546
41708;1028398;944;1089;1192
41709;5724271;4846;1181;818
41710;5011292;3672;1365;426
41711;4080542;2797;1459;302
41712;1377673;1109;1242;668
41713;11429538;5006;2283;43
41714;779076;832;936;1902
41715;6258418;3495;1791;106
41716;2998088;2541;1180;821
41717;1050346;1065;986;1693
41718;1751091;1145;1529;239
41719;1797667;1579;1138;975
41720;1588242;1415;1122;1043
41721;1993229;1644;1212;749
41722;4027339;3865;1042;1414
41723;1523118;1457;1045;1401
41724;573240;601;954;1840
41725;500382;506;989;1681
41726;2500270;2305;1085;1207
41727;1074817;1004;1071;1275
41728;591128;608;972;1769
41729;532143;502;1060;1322
41730;2084254;1485;1404;375
41731;8492654;6485;1310;522
41732;2380593;2008;1186;806
41733;277479;271;1024;1520
41734;5409025;4277;1265;626
41735;3125996;2425;1289;574
41736;1515501;1282;1182;814
41737;4516574;3338;1353;444
41738;5492504;4131;1330;485
41739;6537312;5443;1201;769
41740;1290274;872;1480;278
41741;1646682;1479;1113;1069
41742;4925454;3852;1279;594
41743;6616382;5992;1104;1114
41744;1482357;1445;1026;1504
41745;2723626;1459;1867;91
41746;19821521;11897;1666;150
41747;6162975;4752;1297;553
41748;1007734;940;1072;1267
41749;1813450;1484;1222;718
41750;2217604;2009;1104;1115
41751;1925806;1564;1231;696
41752;1197435;1161;1031;1477
41801;508551;566;899;2003
41802;735742;672;1095;1166
41803;2994154;2453;1221;721
41804;4619497;4097;1128;1022
41805;3372485;2470;1365;425
41806;3215811;2026;1587;196
41807;1470357;1317;1116;1061
41808;9474182;5775;1641;166
41809;1291490;796;1622;176
41810;3844564;3039;1265;624
41811;3828904;3308;1157;901
41812;19233276;12723;1512;248
41813;1003277;895;1121;1048
41814;1641919;1613;1018;1547
41815;919941;899;1023;1524
41816;3569943;2794;1278;595
41817;6814355;2541;2682;25
41818;1446171;1306;1107;1100
41819;2323386;1908;1218;732
41820;5375092;4967;1082;1214
41821;2444600;2392;1022;1531
41822;4165038;1961;2124;57
41823;8166309;5448;1499;261
41824;4331213;3289;1317;507
50101;333142736;148358;2246;45
50201;7526698;5766;1305;536
50202;4533782;3489;1299;548
50203;2944707;2243;1313;515
50204;5476117;4211;1300;547
50205;34129696;20596;1657;158
50206;948038;869;1091;1181
50207;8867033;7060;1256;640
50208;5069636;4262;1189;798
50209;5777674;4476;1291;569
50210;1038675;785;1323;497
50211;1877197;1663;1129;1015
50212;1530041;1356;1128;1017
50213;2503199;2060;1215;738
50301;7021520;4032;1741;128
50302;4724825;3678;1285;582
50303;10119347;5053;2003;68
50304;1879663;1658;1134;996
50305;6220185;4788;1299;551
50306;1563960;1503;1041;1423
50307;1479412;1379;1073;1261
50308;3564115;2826;1261;631
50309;6833547;5341;1279;591
50310;11146657;6847;1628;173
50311;3291026;2983;1103;1119
50312;4990499;1500;3327;11
50313;1081407;736;1469;290
50314;10682131;7011;1524;243
50315;3044031;2541;1198;773
50316;5851019;3998;1463;296
50317;6059148;4814;1259;633
50318;512943;441;1163;888
50319;4770725;3393;1406;371
50320;3416202;2535;1348;451
50321;4300099;3331;1291;568
50322;5273656;3848;1370;414
50323;4005955;3107;1289;573
50324;8028706;6109;1314;512
50325;2738283;2326;1177;832
50326;6803393;5445;1249;655
50327;5900776;4651;1269;612
50328;1493431;1257;1188;801
50329;3360708;2867;1172;853
50330;5995271;3832;1565;213
50331;1165602;1057;1103;1122
50332;2045889;1793;1141;955
50335;9995272;7160;1396;383
50336;4789326;3599;1331;482
50337;7973171;5721;1394;386
50338;28522545;12701;2246;44
50339;15285079;10275;1488;274
50401;7294319;3889;1876;88
50402;10181746;6782;1501;258
50403;6896579;4206;1640;167
50404;15142823;10320;1467;294
50405;2087890;1644;1270;610
50406;3229114;2280;1416;358
50407;2344807;1466;1599;186
50408;5443964;2722;2000;70
50409;820113;526;1559;217
50410;2944395;2478;1188;800
50411;5452701;3807;1432;332
50412;1711428;1513;1131;1003
50413;1004624;891;1128;1023
50414;1231883;769;1602;185
50415;2138933;1498;1428;341
50416;2700235;2218;1217;734
50417;6813249;4821;1413;362
50418;17292692;10840;1595;190
50419;1859625;1580;1177;833
50420;4400613;3613;1218;730
50421;4381861;3530;1241;673
50422;1817539;469;3875;6
50423;5084633;3054;1665;152
50424;3967734;2981;1331;481
50425;1442466;936;1541;229
50501;360550;352;1024;1516
50502;584981;572;1023;1527
50503;2909784;2458;1184;808
50504;2487373;1690;1472;286
50505;558949;539;1037;1440
50506;1213526;1134;1070;1280
50507;861106;748;1151;922
50508;1006468;737;1366;424
50509;5244539;3550;1477;280
50510;7280500;5642;1290;571
50511;415162;336;1236;685
50512;1281847;266;4819;4
50513;1450282;1013;1432;333
50514;460013;304;1513;247
50515;1300193;1170;1111;1081
50601;5087817;3931;1294;562
50602;6045498;4580;1320;501
50603;1342874;763;1760;124
50604;948996;679;1398;379
50605;1678675;1130;1486;275
50606;6237936;3065;2035;63
50607;1626042;826;1969;74
50608;1855457;1344;1381;400
50609;5167798;3199;1615;180
50610;2714556;1965;1381;398
50611;5242064;3392;1545;227
50612;3852983;2104;1831;100
50613;7674379;5426;1414;361
50614;3638043;2496;1458;304
50615;2962577;2582;1147;935
50616;5221519;3781;1381;399
50617;3945706;3072;1284;584
50618;8639923;2868;3013;17
50619;22899882;16223;1412;365
50620;1583164;1127;1405;374
50621;1797423;1552;1158;898
50622;3094344;2727;1135;990
50623;2536951;1917;1323;496
50624;3641955;2875;1267;618
50625;911655;604;1509;252
50626;2138212;1135;1884;87
50627;520059;426;1221;720
50628;18352820;9574;1917;84
60101;484341375;273906;1768;120
60305;4030645;2887;1396;382
60318;7981142;3333;2395;36
60323;1638638;1624;1009;1586
60324;1880717;1717;1095;1164
60326;1343355;1466;916;1955
60329;1408703;1316;1070;1277
60341;1729591;1541;1122;1044
60344;16137076;11431;1412;364
60345;6464101;6584;982;1722
60346;4533270;4246;1068;1292
60347;3377372;3062;1103;1120
60348;3335863;3529;945;1875
60349;4870235;4623;1053;1353
60350;8548752;8548;1000;1630
60351;4576696;4472;1023;1523
60608;7839351;5817;1348;450
60611;4571802;3805;1202;768
60613;12315716;7761;1587;197
60617;7771148;4527;1717;137
60618;1299679;1359;956;1832
60619;3403096;2990;1138;976
60623;2547152;2707;941;1888
60624;9738303;6178;1576;202
60626;3430430;3723;921;1948
60628;3115142;2681;1162;891
60629;6161220;4869;1265;623
60632;3351237;2200;1523;244
60639;1426695;1385;1030;1483
60641;1083203;1202;901;1997
60642;2066706;2063;1002;1623
60645;3323101;3314;1003;1615
60646;2616486;2786;939;1896
60647;593684;731;812;2097
60648;2005256;2252;890;2019
60651;2255914;1960;1151;923
60653;4099130;4419;928;1926
60654;2517284;2610;964;1795
60655;3501193;2285;1532;234
60656;2761348;1546;1786;111
60659;4179587;4206;994;1655
60660;4002723;3429;1167;867
60661;6187618;6468;957;1830
60662;4551634;4588;992;1666
60663;8235501;6694;1230;699
60664;13883913;12826;1082;1212
60665;6179250;6904;895;2011
60666;2352974;2643;890;2021
60667;10520628;4059;2592;29
60668;3164844;3594;881;2038
60669;15909412;10671;1491;266
60670;12493751;5678;2200;50
61001;1273343;1405;906;1982
61002;1042614;1042;1001;1628
61007;1271756;1320;963;1799
61008;1308303;1112;1177;834
61012;2908148;2255;1290;572
61013;2246324;2279;986;1698
61016;1878383;1996;941;1887
61017;1329056;1410;943;1884
61019;1353929;1240;1092;1176
61020;1258942;1256;1002;1618
61021;3059257;2073;1476;282
61024;1961297;2198;892;2016
61027;1541103;1471;1048;1386
61030;1580480;1744;906;1983
61032;1849856;2033;910;1973
61033;2153355;2211;974;1760
61043;3396414;3197;1062;1314
61045;5752638;5472;1051;1366
61049;2825692;2547;1109;1092
61050;3347246;3251;1030;1485
61051;3181737;2816;1130;1010
61052;2582826;2735;944;1878
61053;15910074;11531;1380;403
61054;3463231;3775;917;1953
61055;1446648;1509;959;1823
61056;4212850;4046;1041;1419
61057;2587998;2294;1128;1018
61058;5312115;4867;1091;1179
61059;5592261;5197;1076;1245
61101;4511237;4367;1033;1465
61105;1066789;1038;1028;1496
61106;1731224;1628;1063;1308
61107;1301206;1268;1026;1500
61108;41482462;24697;1680;147
61109;1821260;1791;1017;1556
61110;3406872;2548;1337;469
61111;1355297;1561;868;2059
61112;530918;609;872;2050
61113;3257833;2990;1090;1191
61114;2979718;2368;1258;635
61115;1861671;1927;966;1789
61116;1940726;1389;1397;381
61118;1019212;994;1025;1507
61119;618047;600;1030;1484
61120;12053502;11191;1077;1242
61203;2565363;2555;1004;1610
61204;2374672;1820;1305;538
61205;1500644;846;1774;116
61206;1151274;1198;961;1809
61207;6105535;4764;1282;587
61213;3563193;2822;1263;628
61215;1472251;1217;1210;754
61217;3156321;2384;1324;495
61222;1597891;1692;944;1877
61236;3865324;2770;1395;384
61243;1567209;1628;963;1801
61247;4191908;3359;1248;657
61251;629769;500;1260;632
61252;1111890;1142;974;1762
61253;5339424;5012;1065;1302
61254;1337174;1203;1112;1077
61255;6161926;4883;1262;629
61256;1516947;1338;1134;994
61257;4360162;4163;1047;1389
61258;2934636;2919;1005;1605
61259;11476340;8035;1428;340
61260;1286244;1156;1113;1073
61261;1920184;1951;984;1706
61262;1885314;2013;937;1901
61263;6193501;5254;1179;824
61264;2305379;1866;1235;686
61265;10609099;6718;1579;201
61266;1395330;1535;909;1975
61267;3590211;2856;1257;636
61410;799320;889;899;2001
61413;659122;599;1100;1134
61425;1980628;2080;952;1848
61428;864042;987;875;2046
61437;1271567;1464;869;2057
61438;4732416;3734;1267;617
61439;5121379;5052;1014;1566
61440;2930623;3012;973;1764
61441;1041986;1199;869;2056
61442;2207378;1804;1224;713
61443;1967295;1923;1023;1526
61444;2402869;2173;1106;1106
61445;2308533;1719;1343;461
61446;2407609;1863;1292;566
61611;2330111;2431;958;1824
61612;2972207;3253;914;1965
61615;1973441;2168;910;1971
61618;1821141;1659;1098;1147
61621;761618;814;936;1904
61624;3028366;3132;967;1786
61625;11178736;9452;1183;813
61626;6030349;5628;1071;1271
61627;1645004;1783;923;1945
61628;1320856;1615;818;2095
61629;991934;1056;939;1895
61630;1441609;1675;861;2069
61631;11605568;10032;1157;903
61632;2640627;2923;903;1990
61633;4125985;4038;1022;1532
61701;3575565;2000;1788;109
61708;1462100;1515;965;1791
61710;1058128;1220;867;2061
61711;882965;944;935;1905
61716;2751239;2958;930;1918
61719;2860385;2138;1338;466
61727;2467434;2208;1117;1060
61728;650480;720;903;1989
61729;1833722;2079;882;2036
61730;1772772;2069;857;2075
61731;1576578;1409;1119;1053
61740;1932149;2079;929;1921
61741;1339965;1186;1130;1012
61743;690404;765;902;1992
61744;595477;683;872;2049
61745;1103747;1123;983;1715
61746;4218895;3985;1059;1331
61748;4653819;4141;1124;1035
61750;1703598;1928;884;2032
61751;2192854;2375;923;1942
61756;4517527;4123;1096;1161
61757;5046651;5113;987;1687
61758;2159642;1825;1183;809
61759;1657201;1690;981;1725
61760;14343821;10264;1397;380
61761;1516323;1759;862;2067
61762;1970671;2147;918;1952
61763;4329864;4321;1002;1621
61764;4225402;3637;1162;892
61765;6562756;4965;1322;499
61766;21143245;11347;1863;93
62007;8916469;7797;1144;949
62008;1298930;1444;900;2000
62010;684117;431;1587;195
62014;1832945;1847;992;1665
62021;406524;477;852;2078
62026;864167;862;1003;1617
62032;1104707;1071;1031;1476
62034;1278515;1297;986;1697
62036;1316829;1364;965;1790
62038;10138141;7305;1388;393
62039;1780516;1819;979;1732
62040;13643817;10060;1356;437
62041;15505347;12564;1234;690
62042;4401481;3869;1138;977
62043;3417564;3058;1118;1059
62044;2756651;2751;1002;1620
62045;1871476;2025;924;1936
62046;2651556;2713;977;1740
62047;6920391;5279;1311;519
62048;4827708;4893;987;1689
62105;1909697;1745;1094;1169
62115;5646263;5128;1101;1131
62116;4090573;3928;1041;1418
62125;2238952;2343;956;1834
62128;3729705;3552;1050;1375
62131;2365098;1780;1329;488
62132;1679442;1855;905;1984
62135;1597086;1548;1032;1472
62138;2467027;2427;1016;1558
62139;20909028;15699;1332;478
62140;37321001;23215;1608;184
62141;9584379;8238;1163;887
62142;4581060;3975;1152;917
62143;10310453;8822;1169;863
62144;2735236;2804;975;1753
62145;7534081;6807;1107;1103
62146;2800240;2673;1048;1387
62147;2452259;2362;1038;1434
62148;1932668;1930;1001;1624
62202;2022503;1588;1274;600
62205;2058707;2165;951;1857
62206;1092960;1066;1025;1508
62209;1184455;1244;952;1850
62211;2476757;2578;961;1811
62214;1947094;1799;1082;1213
62216;1194746;1296;922;1946
62219;9380968;6518;1439;322
62220;2535241;2213;1146;940
62226;1753380;1433;1224;714
62232;1403582;1539;912;1968
62233;3495597;3188;1096;1154
62235;1949860;2113;923;1944
62242;999054;1065;938;1898
62244;2538848;2114;1201;770
62245;1356912;1538;882;2035
62247;1268742;1439;882;2037
62252;1339194;1415;946;1870
62256;2538549;2300;1104;1116
62262;1474525;1403;1051;1368
62264;4612132;3701;1246;659
62265;1884762;2033;927;1927
62266;2367947;2401;986;1694
62267;10490590;8384;1251;652
62268;3465447;3162;1096;1158
62269;2686316;2037;1319;506
62270;2300404;2110;1090;1186
62271;5555901;3700;1502;257
62272;2919533;2840;1028;1494
62273;2468910;1894;1304;539
62274;1191927;1457;818;2094
62275;6104174;6063;1007;1595
62276;1369476;1469;932;1914
62277;2788562;2672;1044;1408
62278;4540916;4825;941;1886
62279;1419148;1550;916;1959
62311;1355000;1342;1010;1580
62314;1109597;1265;877;2043
62326;1690793;1742;971;1777
62330;1628560;1651;986;1690
62332;1578750;1597;989;1682
62335;1339488;1214;1103;1118
62343;1477379;1285;1150;929
62347;1512278;1666;908;1976
62368;1175243;1284;915;1961
62372;1142560;1230;929;1923
62375;6525734;5293;1233;692
62376;4835397;3072;1574;203
62377;1983273;1837;1080;1229
62378;7610816;7318;1040;1425
62379;17234901;13113;1314;511
62380;6002065;6088;986;1696
62381;3282727;3226;1018;1551
62382;4896674;4406;1111;1079
62383;3699878;3573;1036;1452
62384;2903162;3086;941;1890
62385;2304317;2607;884;2030
62386;4743007;4917;965;1793
62387;2180936;2371;920;1950
62388;2826981;3028;934;1907
62389;4049961;4011;1010;1579
62390;3827031;3677;1041;1422
70101;273679825;126922;2156;55
70201;3642567;3055;1192;793
70202;5965857;4523;1319;505
70203;16259209;9798;1659;156
70204;887350;772;1149;930
70205;1438366;972;1480;277
70206;654141;599;1092;1175
70207;767981;694;1107;1104
70208;5985910;4432;1351;445
70209;4329116;3494;1239;677
70210;771698;544;1419;355
70211;1345659;1280;1051;1365
70212;2315233;2032;1139;967
70213;1477039;1260;1172;852
70214;3380327;2334;1448;310
70215;2680182;2166;1237;681
70216;2462009;1710;1440;321
70217;2281279;1401;1628;172
70218;1621975;1513;1072;1268
70219;3471480;2539;1367;422
70220;9739152;3099;3143;14
70221;1870671;1375;1360;432
70222;3013609;2708;1113;1071
70223;3904962;3119;1252;650
70224;2255273;1958;1152;920
70301;8594519;6780;1268;615
70302;2853520;2487;1147;936
70303;1968881;1777;1108;1099
70304;6191766;5710;1084;1208
70305;1225433;1216;1008;1591
70306;1425949;1342;1063;1312
70307;1069059;1086;984;1704
70308;1313967;1278;1028;1492
70309;2518568;2089;1206;762
70310;5764522;4254;1355;440
70311;910904;770;1183;812
70312;4536157;3989;1137;980
70313;1553601;1343;1157;904
70314;634711;587;1081;1220
70315;1377262;1408;978;1735
70317;476307;422;1129;1016
70318;1386841;1341;1034;1457
70319;4788248;3662;1308;531
70320;4537425;2764;1642;165
70322;1749632;1587;1102;1123
70323;831694;790;1053;1356
70325;1344080;1033;1301;545
70326;3371921;2262;1491;267
70327;1084154;898;1207;760
70328;2410567;1843;1308;530
70329;5534795;4178;1325;492
70330;1657604;1356;1222;717
70331;2669462;2076;1286;578
70332;2348903;1904;1234;691
70333;2223718;1976;1125;1029
70334;7218010;4650;1552;223
70335;2090519;1745;1198;772
70336;391309;362;1081;1222
70337;3068625;2948;1041;1421
70338;1053489;975;1081;1225
70339;1176158;953;1234;689
70340;1616797;1076;1503;256
70341;1271545;1232;1032;1467
70342;1153312;1018;1133;997
70343;1062770;1045;1017;1555
70344;1768149;1269;1393;387
70345;1939753;1755;1105;1109
70346;12484362;8981;1390;391
70347;215603;172;1254;647
70348;1546816;1315;1176;836
70349;854417;862;991;1669
70350;1293631;1001;1292;565
70351;7658013;3344;2290;42
70352;1337589;1342;997;1643
70353;2472908;2174;1137;978
70354;24032990;13443;1788;110
70355;4239420;3400;1247;658
70356;1757552;1520;1156;908
70357;21930635;15217;1441;319
70358;5559616;3843;1447;314
70359;1290466;1251;1032;1474
70360;1770148;1479;1197;777
70361;286825;216;1328;489
70362;535899;540;992;1664
70364;8339005;6641;1256;643
70365;4805852;4358;1103;1121
70366;762562;728;1047;1388
70367;15904286;7699;2066;62
70368;1062708;910;1168;865
70369;9643711;7935;1215;737
70401;1639304;1089;1505;254
70402;3427007;2647;1295;560
70403;6618050;4332;1528;241
70404;3028508;1894;1599;187
70405;1650951;1142;1446;315
70406;7328913;5602;1308;526
70407;1505983;1162;1296;557
70408;2252075;1533;1469;291
70409;7992167;5142;1554;221
70410;5557272;3882;1432;334
70411;19031018;8245;2308;40
70412;5653538;4207;1344;459
70413;3547843;2099;1690;144
70414;2531272;1687;1500;259
70415;874680;768;1139;970
70416;14137456;9004;1570;206
70417;2577715;1724;1495;263
70418;896557;799;1122;1046
70419;2634532;1935;1362;429
70420;4789431;3646;1314;513
70501;3366037;2586;1302;543
70502;1087159;994;1094;1172
70503;3075453;2595;1185;807
70504;1547131;1517;1020;1537
70505;3496217;3342;1046;1394
70506;4512625;2873;1571;205
70508;6996455;5395;1297;554
70509;4673011;2718;1719;135
70510;2088254;1470;1421;351
70511;7481998;5554;1347;452
70512;6027341;4688;1286;579
70513;31730342;18405;1724;133
70514;12537946;4164;3011;18
70515;7534883;3861;1952;75
70516;423560;352;1203;767
70517;3737655;3236;1155;911
70518;3467138;2641;1313;516
70519;700123;690;1015;1560
70520;3443164;2400;1435;329
70521;623422;400;1559;218
70522;3324433;2735;1216;736
70523;515409;475;1085;1206
70524;1963016;1359;1444;316
70525;2979408;2330;1279;593
70526;5003474;3535;1415;359
70527;3536223;2881;1227;704
70528;2003884;1865;1074;1253
70529;2520459;1843;1368;421
70530;5503691;4204;1309;524
70531;22499901;13020;1728;131
70601;395500;369;1072;1270
70602;345592;254;1361;430
70603;2633200;935;2816;22
70604;3298673;2908;1134;993
70605;1058210;938;1128;1019
70606;1611485;778;2071;61
70607;1580336;1397;1131;1002
70608;5588438;1527;3660;8
70609;3404176;2605;1307;532
70610;414218;426;972;1768
70611;1021412;606;1685;145
70612;478409;488;980;1726
70613;941188;539;1746;127
70614;10913442;7756;1407;370
70615;2589595;1564;1656;160
70616;1827871;1443;1267;619
70617;3195662;2544;1256;638
70618;1001670;787;1273;602
70619;2557570;1751;1461;298
70620;1897268;1240;1530;236
70621;6658199;2394;2781;23
70622;1921882;1710;1124;1034
70623;1621890;1195;1357;436
70624;3538961;1103;3208;13
70625;143674;126;1140;963
70626;669672;573;1169;864
70627;1196943;1196;1001;1627
70628;523093;516;1014;1565
70629;797638;681;1171;857
70630;5096357;3372;1511;249
70701;1184583;652;1817;101
70702;1018773;918;1110;1090
70703;578218;465;1243;665
70704;1302446;1255;1038;1435
70705;2258642;1814;1245;661
70706;846890;762;1111;1078
70707;2511660;2238;1122;1045
70708;976460;849;1150;926
70709;805742;726;1110;1089
70710;996769;953;1046;1396
70711;625184;602;1039;1432
70712;1519716;1199;1267;616
70713;872554;811;1076;1247
70714;491180;305;1610;182
70715;882555;765;1154;913
70716;21077814;11883;1774;117
70717;5888048;4693;1255;645
70718;901869;872;1034;1456
70719;4035575;3250;1242;670
70720;1517333;1428;1063;1311
70721;891786;689;1294;561
70723;1287204;1174;1096;1155
70724;1291257;880;1467;293
70725;320457;281;1140;961
70726;792192;713;1111;1082
70727;460573;474;972;1772
70728;2723422;2026;1344;457
70729;966611;802;1205;764
70731;642277;617;1041;1420
70732;1416229;1397;1014;1564
70733;253014;246;1029;1489
70734;2292802;2180;1052;1363
70735;1673221;1017;1645;163
70801;792742;640;1239;678
70802;956666;557;1718;136
70803;826501;613;1348;449
70804;853689;732;1166;871
70805;4478651;1485;3016;16
70806;854491;825;1036;1449
70807;3951057;2576;1534;233
70808;1150209;860;1337;467
70809;397982;374;1064;1305
70810;355093;272;1305;535
70811;1452938;608;2390;37
70812;55605;47;1183;811
70813;703943;664;1060;1321
70814;646992;493;1312;517
70815;100092;91;1100;1137
70816;1755948;1228;1430;339
70817;584483;416;1405;373
70818;495412;278;1782;114
70819;80726;74;1091;1183
70820;2645858;2025;1307;533
70821;2276501;1099;2071;60
70822;391660;389;1007;1594
70823;83812;78;1075;1252
70824;673563;430;1566;211
70825;125032;111;1126;1025
70826;1613799;1309;1233;693
70827;495730;400;1239;676
70828;10986843;6344;1732;130
70829;593325;433;1370;415
70830;568025;444;1279;592
70831;846736;678;1249;656
70832;1852870;1044;1775;115
70833;2019902;1501;1346;455
70834;266883;252;1059;1327
70835;965175;854;1130;1008
70836;1507898;1283;1175;841
70837;275752;218;1265;625
70901;3162896;2112;1498;262
70902;2311964;1737;1331;480
70903;487088;358;1361;431
70904;1074779;1056;1018;1548
70905;2899073;2546;1139;971
70907;5405447;3023;1788;108
70908;2287223;1446;1582;199
70909;6226164;3976;1566;212
70910;1821070;1356;1343;460
70911;690263;643;1074;1258
70912;2084055;777;2682;24
70913;539359;468;1152;916
70914;807476;704;1147;937
70915;1678891;1563;1074;1256
70916;1728544;1406;1229;701
70917;11045904;6938;1592;192
70918;2240866;1255;1786;112
70920;7601159;3799;2001;69
70921;1657215;1140;1454;306
70922;2424443;1588;1527;242
70923;1848507;1258;1469;289
70924;761285;553;1377;408
70925;1686205;1450;1163;889
70926;21866786;13245;1651;161
70927;2222882;1625;1368;420
70928;3025786;1928;1569;207
70929;329351;283;1164;884
70930;1478634;826;1790;107
70931;2402022;1852;1297;552
70932;882357;849;1039;1429
70933;2792956;2116;1320;502
70934;3878598;1910;2031;65
70935;2230978;1685;1324;494
70936;6692476;4823;1388;394
70937;1844707;1522;1212;750
70938;2543580;2418;1052;1362
70939;2408585;2055;1172;855
70940;3003177;1753;1713;138
70941;947855;646;1467;295
80101;3034201;2266;1339;465
80102;362556;329;1102;1126
80103;21804301;13992;1558;219
80104;2934993;2266;1295;559
80105;2340863;677;3458;9
80106;5429262;3188;1703;142
80107;1537758;514;2992;19
80108;1894928;1549;1223;715
80109;962497;438;2197;51
80110;4808252;1465;3282;12
80111;1017602;935;1088;1194
80112;1740128;663;2625;27
80113;12499749;1498;8344;2
80114;370947;272;1364;428
80115;4165788;3394;1227;705
80116;11472192;6031;1902;86
80117;6778172;4867;1393;388
80118;1061864;847;1254;646
80119;857986;732;1172;854
80120;5519533;2128;2594;28
80121;397930;351;1134;995
80122;7971918;3633;2194;52
80123;1231771;846;1456;305
80124;930698;685;1359;434
80125;406057;283;1435;328
80126;3180692;2114;1505;255
80127;775646;682;1137;979
80128;3626231;2182;1662;153
80129;3787408;2595;1460;301
80201;3844306;3167;1214;745
80202;3391116;2394;1417;357
80203;3038971;1692;1796;103
80204;3267400;2004;1630;170
80205;902639;726;1243;666
80206;1383606;1041;1329;487
80207;56953918;28743;1981;71
80208;634634;588;1079;1231
80209;1833361;311;5895;3
80210;1209988;1014;1193;788
80211;4937790;3473;1422;349
80212;475893;411;1158;900
80213;5764079;3789;1521;245
80214;2423773;1763;1375;410
80215;19517095;12926;1510;251
80216;2565873;1840;1394;385
80217;13223925;7759;1704;141
80218;7641809;6324;1208;757
80219;1288564;1271;1014;1563
80220;2703458;1889;1431;337
80221;1098235;972;1130;1011
80222;1528740;1334;1146;939
80223;1574703;1136;1386;396
80224;15322235;9736;1574;204
80225;1890792;1372;1378;404
80226;6745174;5729;1177;830
80227;2477914;1300;1906;85
80228;14100181;4732;2980;20
80229;586443;490;1197;778
80230;1252146;622;2013;66
80231;1351239;1033;1308;529
80232;692449;471;1470;288
80233;1819255;945;1925;81
80234;803065;213;3770;7
80235;6048300;3876;1560;215
80236;2632807;1836;1434;330
80237;529492;394;1344;458
80238;2203977;1741;1266;621
80239;1483076;153;9693;1
80240;14621842;8246;1773;118
80301;91017282;47388;1921;83
80302;22601309;15673;1442;318
80303;35451131;21896;1619;178
80401;7740873;6421;1206;763
80402;422131;404;1045;1403
80403;161748;148;1093;1174
80404;52758159;31843;1657;159
80405;8070196;6324;1276;598
80406;725335;662;1096;1162
80407;3485726;3205;1088;1200
80408;17041206;11016;1547;225
80409;5326619;3096;1720;134
80410;5755336;4411;1305;537
80411;849199;684;1242;672
80412;5005972;3815;1312;518
80413;2553810;2115;1207;759
80414;19439460;11719;1659;157
80415;371175;326;1139;973
80416;3198619;1854;1725;132
80417;2713119;2535;1070;1278
80418;2984945;2292;1302;540
80419;837621;781;1072;1265
80420;3412563;2501;1364;427
80421;669343;632;1059;1326
80422;403892;385;1049;1380
80423;2828611;2095;1350;447
80424;3431410;3143;1092;1177
90001;7261051782;1793212;4049;5